%First column = every variable means patient number of respective patient
%Second column = file number of the respective
%patient
%Third column = seizure start time
epilepticSeizureInfo=[
    1 3 2996;1 4 1467;1 15 1732;1 16 1015;1 18 1720;1 21 327;1 26 1862;
    3 1 362;3 2 731;3 3 432;3 4 2162;3 34 1982;3 35 2592;3 36 1725;
    5 6 417;5 13 1086;5 16 2317;5 17 2451;5 22 2348;
    8 2 2670;8 5 2856;8 11 2988;8 13 2417;8 21 2083;
    14 3 1986;14 4 1372;14 4 2817;14 6 1911;14 11 1838;14 17 3239;14 18 1039;14 27 2833;
    15 6 272;15 10 1082;15 15 1591;15 17 1925;15 20 607;15 22 760;
    15 28 876;15 31 1751;15 40 834;15 40 2378;15 40 3362;15 46 3322;15 49 1108;15 52 778;
    15 54 263;15 54 843;15 54 1524;15 54 2179;15 54 3428;15 62 751;
    18 29 3477;18 30 541;18 31 2087;18 32 1908;18 35 2196;18 36 463;
    ];