%First column = every variable means patient number of respective patient
%Second column = means file number of the respective
%patient
%Third column = means seizure start time
nonEpilepticInfo=[
    1 1 3000;1 2 3000;1 5 3000;1 6 3000;1 7 3000;1 8 3000;1 9 3000;1 10 3000;
    1 11 3000;1 12 3000;1 13 3000;1 14 3000;1 17 3000;1 19 3000;1 20 3000;1 22 3000;1 23 3000;1 24 3000;1 25 3000;
    1 27 3000;1 29 3000;1 30 3000;1 31 3000;1 32 3000;1 33 3000;1 34 3000;1 36 3000;1 37 3000;1 38 3000;
    1 39 3000;1 40 3000;1 41 3000;1 42 3000;1 43 3000;1 46 3000;
    3 6 3000;3 7 3000;3 8 3000;3 9 3000;3 10 3000;3 11 3000;3 12 3000;3 13 3000;3 14 3000;3 15 3000;3 16 3000;3 17 3000;3 18 3000;3 19 3000;3 20 3000;3 21 3000;3 22 3000;3 23 3000;3 24 3000;3 25 3000;3 26 3000;3 27 3000;3 28 3000;3 29 3000;3 30 3000;3 31 3000;3 32 3000;3 33 3000;3 37 3000;3 38 3000;
    8 3 3000;8 4 3000;8 10 3000;8 12 3000;8 14 3000;8 15 3000;8 16 3000;8 17 3000;8 18 3000;8 19 3000;8 20 3000;8 22 3000;8 23 3000;8 24 3000;8 29 3000;
    14 1 3000;14 7 3000;14 12 3000;14 13 3000;14 14 3000;14 16 3000;14 19 3000;14 20 3000;14 22 3000;14 24 3000;14 25 3000;14 26 3000;14 30 3000;14 32 3000;14 37 3000;14 39 3000;14 42 3000;
    15 1 3000;15 2 3000;15 3 3000;15 4 3000;15 5 3000;15 7 3000;15 8 3000;15 9 3000;15 11 3000;15 12 3000;15 13 3000;15 14 3000;15 16 3000;15 19 3000;15 26 3000;15 29 3000;15 30 3000;15 32 3000;15 33 3000;15 35 3000;15 37 3000;15 45 3000;15 50 3000;15 51 3000;15 61 3000;15 63 3000;
    18 1 3000;18 2 3000;18 3 3000;18 4 3000;18 5 3000;18 6 3000;18 7 3000;18 8 3000;18 9 3000;18 10 3000;18 11 3000;18 12 3000;18 13 3000;18 14 3000;18 15 3000;18 16 3000;18 17 3000;18 18 3000;18 19 3000;18 20 3000;18 21 3000;18 22 3000;18 23 3000;18 24 3000;18 25 3000;18 26 3000;18 27 3000;18 28 3000;18 33 3000;18 34 3000;
    ];